<-55 55             //同步          AUTOBAUD
->00 CC             //开发板ACK     ACK
<-03 20 20          //ECHO          ECHO
->00 CC             //开发板ACK     ACK
<-03 23 23          //获取状态      COMMAND_GET_STATUS
->00 CC             //开发板ACK
->03 40 40          //开发板回应状态信息
<-CC                //主机ACK 
<-0B 21 21 00 00 08 00 00 00 F8 00  //传输程序代码 格式 帧长度+校验和+命令+数据(偏移地址+数据长度)
->00 CC             //开发板ACK
<-03 23 23          //获取状态      COMMAND_GET_STATUS
->00 CC
->03 40 40          //返回状态      COMMAND_RET_SUCCESS 
<-CC                //主机ACK           
<-4F A6 24 00 00 01 0D 01 01 00 00 05 01 00 00 07 01 00 00 09 01 00 00 09 01 00 00 09 01 00 00 00 00 00 00 00 00 00 00 00 00 00 00 00 00 00 00 09 01 00 00 09 01 00 00 00 00 00 00 09 01 00 00 09 01 00 00 09 01 00 00 09 01 00 00 09 01 00 00 
->00 CC             //开发板ACK
<-03 23 23          //获取状态      COMMAND_GET_STATUS
->00 CC
->03 40 40          //返回状态      COMMAND_RET_SUCCESS 
<-CC                //主机ACK           
<-4F E2 24 09 01 00 00 09 01 00 00 09 01 00 00 09 01 00 00 09 01 00 00 09 01 00 00 09 01 00 00 09 01 00 00 09 01 00 00 09 01 00 00 09 01 00 00 09 01 00 00 09 01 00 00 09 01 00 00 09 01 00 00 09 01 00 00 09 01 00 00 09 01 00 00 09 01 00 00 
->00 CC             //开发板ACK
<-03 23 23          //获取状态      COMMAND_GET_STATUS
->00 CC
->03 40 40          //返回状态      COMMAND_RET_SUCCESS 
<-CC                //主机ACK           
<-03 25 25          //复位命令      COMMAND_RESET